SA, 1692218092, 1, 1681059037.7473423
SA, 3723256882, 2, 1681059037.9001827
SA, 3973932082, 3, 1681059038.0601566
SA, 1693244978, 4, 1681059038.2161596
SA, 3727844588, 5, 1681059038.3682497
SA, 853470308, 6, 1681059038.5239937
SA, 845471468, 7, 1681059038.679927
SA, 1692283628, 8, 1681059038.8325257
SA, 854384228, 9, 1681059038.9922752
SA, 3756811314, 10, 1681059039.1519065
SA, 854353119, 11, 1681059039.3081286
SA, 3744621804, 12, 1681059039.4608798
SA, 854353119, 13, 1681059039.6171038
SA, 3747933234, 14, 1681059039.7719834
SA, 3974063154, 15, 1681059039.9249709
SA, 845475040, 16, 1681059040.08388
SA, 1681059040, 17, 1681059040.2452204
SA, 854384740, 18, 1681059040.4041705
SA, 1692414700, 19, 1681059040.5564249
SA, 3773588530, 20, 1681059040.7040868
SA, 3773588530, 21, 1681059040.8566806
SA, 3974115940, 22, 1681059041.0042696
SA, 3790352996, 23, 1681059041.1599357
SA, 3781487666, 24, 1681059041.3119452
SA, 1692480236, 25, 1681059041.463925
SA, 853666916, 26, 1681059041.6201575
SA, 3974181476, 27, 1681059041.768347
SA, 3781487666, 28, 1681059041.9280431
SA, 3965989602, 29, 1681059042.080012
SA, 3965989602, 30, 1681059042.2403326
SA, 1692593202, 31, 1681059042.3918016
SA, 853697772, 32, 1681059042.5399826
SA, 3798264882, 33, 1681059042.7000864
SA, 845475042, 34, 1681059042.8518488
SA, 1692545772, 35, 1681059043.003917
SA, 3966034738, 36, 1681059043.1560414
SA, 1681059043, 37, 1681059043.3080745
SA, 854385508, 38, 1681059043.4609025
SA, 3815042098, 39, 1681059043.617131
SA, 3962757988, 40, 1681059043.7724063
SA, 1692658738, 41, 1681059043.927971
SA, 3965989604, 42, 1681059044.0805023
SA, 3965989604, 43, 1681059044.232282
SA, 3840684644, 44, 1681059044.3843496
SA, 1681057004, 45, 1681059044.5366445
SA, 3974390834, 46, 1681059044.700086
SA, 3962758244, 47, 1681059044.8523488
SA, 3831771884, 48, 1681059045.0044885
SA, 1692742380, 49, 1681059045.1760955
SA, 845475045, 50, 1681059045.3441892
SA, 1692789810, 51, 1681059045.496353
SA, 3857474610, 52, 1681059045.6520967
SA, 3845285100, 53, 1681059045.8041847
SA, 3974456370, 54, 1681059045.9557977
SA, 3962725606, 55, 1681059046.1081169
SA, 845473516, 56, 1681059046.2598798
SA, 3966035506, 57, 1681059046.4162314
SA, 1693247026, 58, 1681059046.568397
SA, 3862062316, 59, 1681059046.7201295
SA, 845473516, 60, 1681059046.8719046
SA, 3966035506, 61, 1681059047.0322185
SA, 3962759012, 62, 1681059047.184738
SA, 3962759012, 63, 1681059047.3484714
SA, 845473772, 64, 1681059047.5078094
SA, 3882103532, 65, 1681059047.6680045
SA, 1681059047, 66, 1681059047.8163862
SA, 3882103532, 67, 1681059047.9637527
SA, 1681058028, 68, 1681059048.116729
SA, 3962759268, 69, 1681059048.2764268
SA, 1681058028, 70, 1681059048.431939
SA, 3974652978, 71, 1681059048.5841203
SA, 845474028, 72, 1681059048.7365007
SA, 3895651428, 73, 1681059048.8957877
SA, 1692986418, 74, 1681059049.04817
SA, 3924570724, 75, 1681059049.2081232
SA, 1693201129, 76, 1681059049.3598928
SA, 3962725609, 77, 1681059049.5124924
SA, 3965989609, 78, 1681059049.6638749
SA, 3962759524, 79, 1681059049.8160012
SA, 3966036274, 80, 1681059049.9680302
SA, 1693201130, 81, 1681059050.1160839
SA, 3962725610, 82, 1681059050.2600768
SA, 854387300, 83, 1681059050.412315
SA, 845474540, 84, 1681059050.5690484
SA, 3932435180, 85, 1681059050.7322733
SA, 845474540, 86, 1681059050.883814
SA, 3932435180, 87, 1681059051.0483031
SA, 3945948396, 88, 1681059051.204232
SA, 854387556, 89, 1681059051.3560317
SA, 3945983076, 90, 1681059051.5089161
SA, 1693248306, 91, 1681059051.6679528
SA, 3945983076, 92, 1681059051.828037
SA, 3962760036, 93, 1681059051.980644
SA, 3966037042, 94, 1681059052.1397898
SA, 3962760292, 95, 1681059052.2921388
SA, 3962760292, 96, 1681059052.443989
SA, 845475052, 97, 1681059052.5957143
SA, 3974902372, 98, 1681059052.747892
SA, 845475052, 99, 1681059052.9045243
SA, 854387812, 100, 1681059053.0521495
SA, 3974967908, 1, 1681059053.2042131
SA, 1693248818, 2, 1681059053.37316
SA, 3962725613, 3, 1681059053.5317318
SA, 3962760548, 4, 1681059053.6837072
SA, 3974967908, 5, 1681059053.8364475
SA, 3966037298, 6, 1681059053.9838943
SA, 3999591474, 7, 1681059054.1359375
SA, 3962760804, 8, 1681059054.2883437
SA, 845475564, 9, 1681059054.451961
SA, 3965989614, 10, 1681059054.6039994
SA, 3965989614, 11, 1681059054.7566555
SA, 1681059564, 12, 1681059054.9159052
SA, 4025234020, 13, 1681059055.0727568
SA, 3962761060, 14, 1681059055.2324102
SA, 3966037810, 15, 1681059055.38396
SA, 3966037810, 16, 1681059055.543937
SA, 3966037810, 17, 1681059055.6924133
SA, 3962725615, 18, 1681059055.844349
SA, 1693445170, 19, 1681059056.004611
SA, 4033145906, 20, 1681059056.15582
SA, 854649956, 21, 1681059056.3118138
SA, 845476076, 22, 1681059056.4637783
SA, 4042011236, 23, 1681059056.6240845
SA, 1681059056, 24, 1681059056.7837932
SA, 4033098476, 25, 1681059056.935788
SA, 4049875692, 26, 1681059057.092423
SA, 1693576242, 27, 1681059057.2438626
SA, 854389092, 28, 1681059057.4118426
SA, 1693249842, 29, 1681059057.5601618
SA, 1693201137, 30, 1681059057.72409
SA, 845476332, 31, 1681059057.8800836
SA, 1693249842, 32, 1681059058.0318508
SA, 4066652908, 33, 1681059058.1837401
SA, 854389348, 34, 1681059058.343693
SA, 854353138, 35, 1681059058.4964333
SA, 1693201138, 36, 1681059058.6479495
SA, 4075578418, 37, 1681059058.8003235
SA, 854389348, 38, 1681059058.9600074
SA, 4092355634, 39, 1681059059.1125994
SA, 3975361124, 40, 1681059059.2720118
SA, 4080166124, 41, 1681059059.4243255
SA, 3966038834, 42, 1681059059.5842907
SA, 1693659884, 43, 1681059059.744223
SA, 3965989619, 44, 1681059059.9045718
SA, 3975361124, 45, 1681059060.0603414
SA, 3962725620, 46, 1681059060.21264
SA, 3962725620, 47, 1681059060.3725913
SA, 3966039090, 48, 1681059060.5367742
SA, 1693725420, 49, 1681059060.6963797
SA, 1681059060, 50, 1681059060.8599076
SA, 845475060, 51, 1681059061.0118978
SA, 1693790956, 52, 1681059061.1604116
SA, 1693838386, 53, 1681059061.3127377
SA, 845477356, 54, 1681059061.471857
SA, 854353141, 55, 1681059061.6238985
SA, 1693790956, 56, 1681059061.7759979
SA, 3962762596, 57, 1681059061.9279459
SA, 3965989622, 58, 1681059062.087873
SA, 1681061612, 59, 1681059062.2401779
SA, 4133809202, 60, 1681059062.4047718
SA, 1693251122, 61, 1681059062.560697
SA, 1693856492, 62, 1681059062.7159343
SA, 3962725622, 63, 1681059062.868007
SA, 3965989622, 64, 1681059063.0198646
SA, 4150538988, 65, 1681059063.1767256
SA, 4159451748, 66, 1681059063.3359413
SA, 3962725623, 67, 1681059063.4882393
SA, 855074028, 68, 1681059063.6443229
SA, 1693251378, 69, 1681059063.7970092
SA, 855074028, 70, 1681059063.9519982
SA, 4167316204, 71, 1681059064.104795
SA, 1693987564, 72, 1681059064.256076
SA, 1681059064, 73, 1681059064.4087913
SA, 3962763364, 74, 1681059064.5717788
SA, 4164052204, 75, 1681059064.7237976
SA, 3975701554, 76, 1681059064.8759096
SA, 3975701554, 77, 1681059065.0285892
SA, 4193018930, 78, 1681059065.18825
SA, 3962763620, 79, 1681059065.3399107
SA, 845475065, 80, 1681059065.4998858
SA, 3966040370, 81, 1681059065.652622
SA, 4193018930, 82, 1681059065.8119636
SA, 1693251890, 83, 1681059065.9641504
SA, 4197641316, 84, 1681059066.115772
SA, 1681059066, 85, 1681059066.2678492
SA, 4200870636, 86, 1681059066.4159389
SA, 854391396, 87, 1681059066.5678
SA, 845478636, 88, 1681059066.7199557
SA, 1681059066, 89, 1681059066.8803225
SA, 3975819876, 90, 1681059067.035954
SA, 855370852, 91, 1681059067.1880052
SA, 1681062892, 92, 1681059067.3400614
SA, 854391652, 93, 1681059067.4886982
SA, 1681062892, 94, 1681059067.648207
SA, 4217647852, 95, 1681059067.8123703
SA, 845475067, 96, 1681059067.9639788
SA, 3966041138, 97, 1681059068.11604
SA, 3965989628, 98, 1681059068.2681723
SA, 855401708, 99, 1681059068.4198923
SA, 1694297138, 100, 1681059068.5680676
SA, 3962725628, 1, 1681059068.7245657
SA, 845479148, 2, 1681059068.876156
SA, 854391908, 3, 1681059069.0360656
SA, 4247938284, 4, 1681059069.1879427
SA, 1693201149, 5, 1681059069.34178
SA, 4247938284, 6, 1681059069.5004697
SA, 3966041394, 7, 1681059069.6525047
SA, 4251249714, 8, 1681059069.811807
SA, 1693201149, 9, 1681059069.9719992
SA, 845479660, 10, 1681059070.1202068
SA, 3976094770, 11, 1681059070.271996
SA, 855532780, 12, 1681059070.4239235
SA, 1681063660, 13, 1681059070.5761702
SA, 855532780, 14, 1681059070.7280934
SA, 3976082020, 15, 1681059070.8885713
SA, 3976082020, 16, 1681059071.0442753
SA, 4293682226, 17, 1681059071.2003174
SA, 1694446316, 18, 1681059071.3520255
SA, 4293669476, 19, 1681059071.5044596
SA, 4281527396, 20, 1681059071.6599452
SA, 1681063916, 21, 1681059071.815963
SA, 845475071, 22, 1681059071.9642038
SA, 854392932, 23, 1681059072.1163397
SA, 3976225842, 24, 1681059072.2681324
SA, 15544932, 25, 1681059072.42048
SA, 854418432, 26, 1681059072.5803657
SA, 3982753842, 27, 1681059072.7323308
SA, 845414637, 28, 1681059072.884502
SA, 3302637, 29, 1681059073.040021
SA, 1693253938, 30, 1681059073.192323
SA, 20079853, 31, 1681059073.34443
SA, 838952173, 32, 1681059073.5001802
SA, 1681059073, 33, 1681059073.6440985
SA, 854418433, 34, 1681059073.8041244
SA, 3979477348, 35, 1681059073.9560826
SA, 3982766594, 36, 1681059074.111931
SA, 845415149, 37, 1681059074.261007
SA, 40168754, 38, 1681059074.4209561
SA, 1677865709, 39, 1681059074.5848956
SA, 845475074, 40, 1681059074.7449954
SA, 3979477604, 41, 1681059074.9070323
SA, 3979477604, 42, 1681059075.0444887
SA, 3982766595, 43, 1681059075.1929758
SA, 3982754610, 44, 1681059075.34075
SA, 845415405, 45, 1681059075.492767
SA, 854418435, 46, 1681059075.6362092
SA, 845475075, 47, 1681059075.7842672
SA, 53669220, 48, 1681059075.9243896
SA, 854418436, 49, 1681059076.0726318
SA, 3976475236, 50, 1681059076.2123907
SA, 845475076, 51, 1681059076.352483
SA, 845415661, 52, 1681059076.492523
SA, 1693254706, 53, 1681059076.6330237
SA, 82653796, 54, 1681059076.7765436
SA, 1693254706, 55, 1681059076.929168
SA, 845415917, 56, 1681059077.0764356
SA, 854418437, 57, 1681059077.2165558
SA, 845415917, 58, 1681059077.3524585
SA, 839249252, 59, 1681059077.5003138
SA, 87223652, 60, 1681059077.648783
SA, 1680999917, 61, 1681059077.7970436
SA, 1680999917, 62, 1681059077.9446678
SA, 3979502598, 63, 1681059078.092877
SA, 845416173, 64, 1681059078.23269
SA, 3982755378, 65, 1681059078.3762445
SA, 845475078, 66, 1681059078.5165086
SA, 839279853, 67, 1681059078.6568065
SA, 3982766598, 68, 1681059078.8004732
SA, 107277618, 69, 1681059078.94836
SA, 839345389, 70, 1681059079.0922427
SA, 1693255474, 71, 1681059079.2421706
SA, 839380324, 72, 1681059079.3844209
SA, 3979502599, 73, 1681059079.5246532
SA, 839345389, 74, 1681059079.6725423
SA, 3982755634, 75, 1681059079.8243735
SA, 3982755634, 76, 1681059079.968489
SA, 3979502600, 77, 1681059080.1083734
SA, 1678258925, 78, 1681059080.2484484
SA, 3979479140, 79, 1681059080.3889995
SA, 1681059080, 80, 1681059080.532419
SA, 3976750130, 81, 1681059080.6766312
SA, 140784365, 82, 1681059080.820402
SA, 3982755890, 83, 1681059080.956475
SA, 3979479396, 84, 1681059081.0964437
SA, 157609266, 85, 1681059081.2367942
SA, 839511396, 86, 1681059081.3806973
SA, 3976802916, 87, 1681059081.5257418
SA, 1681000941, 88, 1681059081.6724792
SA, 1681000941, 89, 1681059081.8207889
SA, 839511396, 90, 1681059081.9684525
SA, 183317092, 91, 1681059082.1130328
SA, 839541997, 92, 1681059082.256343
SA, 845417197, 93, 1681059082.3924713
SA, 3979479652, 94, 1681059082.5449374
SA, 171074797, 95, 1681059082.6847034
SA, 3976868452, 96, 1681059082.8363745
SA, 839576932, 97, 1681059082.9731562
SA, 1693256498, 98, 1681059083.1243134
SA, 845417453, 99, 1681059083.2643833
SA, 1693256498, 100, 1681059083.4003842
SA, 191116013, 1, 1681059083.540702
SA, 1693256498, 2, 1681059083.6803074
SA, 3976933988, 3, 1681059083.8289008
SA, 187886948, 4, 1681059083.9765306
SA, 207940914, 5, 1681059084.1166859
SA, 1693256754, 6, 1681059084.2646239
SA, 839673069, 7, 1681059084.4048214
SA, 216884274, 8, 1681059084.5527594
SA, 854396004, 9, 1681059084.701244
SA, 3982756914, 10, 1681059084.8446963
SA, 207893229, 11, 1681059084.9966774
SA, 839773540, 12, 1681059085.1444001
SA, 224718130, 13, 1681059085.2924182
SA, 233661490, 14, 1681059085.4326916
SA, 3982766605, 15, 1681059085.5849214
SA, 233661490, 16, 1681059085.7364528
SA, 845417965, 17, 1681059085.880322
SA, 854396260, 18, 1681059086.024457
SA, 854396516, 19, 1681059086.1643968
SA, 845475086, 20, 1681059086.304365
SA, 3977143346, 21, 1681059086.4493072
SA, 241495346, 22, 1681059086.592343
SA, 3977143346, 23, 1681059086.7364135
SA, 3982766606, 24, 1681059086.8803692
SA, 839804141, 25, 1681059087.0209155
SA, 3979502607, 26, 1681059087.160781
SA, 3982757682, 27, 1681059087.3094208
SA, 267215922, 28, 1681059087.4527028
SA, 267215922, 29, 1681059087.5925357
SA, 854396772, 30, 1681059087.7364423
SA, 267203172, 31, 1681059087.8804495
SA, 854418447, 32, 1681059088.0284111
SA, 271738093, 33, 1681059088.1666977
SA, 1681059088, 34, 1681059088.30457
SA, 1693266448, 35, 1681059088.440722
SA, 283993138, 36, 1681059088.5924475
SA, 845475088, 37, 1681059088.7324483
SA, 3982757938, 38, 1681059088.8806877
SA, 1681002733, 39, 1681059089.0250084
SA, 288515309, 40, 1681059089.1646767
SA, 288515309, 41, 1681059089.3130488
SA, 840035684, 42, 1681059089.4564712
SA, 3979502609, 43, 1681059089.6052442
SA, 3982766609, 44, 1681059089.752427
SA, 3979502609, 45, 1681059089.8930573
SA, 1678896434, 46, 1681059090.036361
SA, 3982766610, 47, 1681059090.1806295
SA, 308556525, 48, 1681059090.3249366
SA, 1678961970, 49, 1681059090.4677472
SA, 845475090, 50, 1681059090.604551
SA, 305327460, 51, 1681059090.7407618
SA, 845475090, 52, 1681059090.885516
SA, 1693258290, 53, 1681059091.0326738
SA, 325333741, 54, 1681059091.180694
SA, 334312036, 55, 1681059091.3377705
SA, 322104676, 56, 1681059091.485283
SA, 3982766611, 57, 1681059091.6330328
SA, 322069741, 58, 1681059091.7766442
SA, 1679027506, 59, 1681059091.9247851
SA, 322104676, 60, 1681059092.06509
SA, 1693266452, 61, 1681059092.2084787
SA, 351102002, 62, 1681059092.3527937
SA, 840197357, 63, 1681059092.500955
SA, 342110957, 64, 1681059092.6484678
SA, 840197357, 65, 1681059092.8005383
SA, 3977536562, 66, 1681059092.9485185
SA, 3977589348, 67, 1681059093.0963652
SA, 3979482468, 68, 1681059093.2406077
SA, 3982759218, 69, 1681059093.3851843
SA, 3977602098, 70, 1681059093.5326815
SA, 1693259058, 71, 1681059093.668513
SA, 845420013, 72, 1681059093.816411
SA, 355659108, 73, 1681059093.9606962
SA, 375665389, 74, 1681059094.1124663
SA, 384643684, 75, 1681059094.2566566
SA, 3977654884, 76, 1681059094.4003594
SA, 840363364, 77, 1681059094.5362782
SA, 3982759474, 78, 1681059094.6847048
SA, 854398564, 79, 1681059094.8345113
SA, 3979482724, 80, 1681059094.9805822
SA, 840393965, 81, 1681059095.1253417
SA, 1679241965, 82, 1681059095.2724762
SA, 1681004525, 83, 1681059095.412443
SA, 389213540, 84, 1681059095.5524578
SA, 3982766615, 85, 1681059095.7024412
SA, 3977720420, 86, 1681059095.8566282
SA, 1693259570, 87, 1681059096.0049658
SA, 840459501, 88, 1681059096.152503
SA, 1693266456, 89, 1681059096.3005087
SA, 845420781, 90, 1681059096.4444506
SA, 1679307501, 91, 1681059096.5925536
SA, 1679307501, 92, 1681059096.7285395
SA, 3977798706, 93, 1681059096.8771129
SA, 845475096, 94, 1681059097.0203269
SA, 425997037, 95, 1681059097.1642916
SA, 840525037, 96, 1681059097.3130224
SA, 3979502617, 97, 1681059097.4603639
SA, 840525037, 98, 1681059097.5924337
SA, 422733037, 99, 1681059097.7290838
SA, 1681059097, 100, 1681059097.8724246
